object_type: model_fit
schema_version: 0.1.0
id: model_fit.ddm-drift-bias.roitman-shadlen-2002.psychometric
variant_id: model_variant.ddm-drift-bias
finding_ids:
- finding.roitman-shadlen-2002.psychometric
- finding.roitman-shadlen-2002.chronometric
parameters:
  drift_per_unit_evidence: 0.21043259855134486
  boundary: 0.9735099003104598
  non_decision_time: 0.41
  drift_bias: 0.04407715683706593
parameter_uncertainty: {}
quality:
  log_likelihood: -2182.69932193614
  aic: 4373.39864387228
  bic: 4400.2948228560945
  n_trials: 6149.0
  n_free_params: 4.0
  chronometric_max_residual_s: 0.08891135326474342
  rt_sigma_assumed_s: 0.15035469637567767
predictions:
  curve_type: psychometric
  x_label: Signed motion coherence
  x_units: percent
  y_label: p_right
  points:
  - x: -51.2
    n: 516
    y: 2.906835932489604e-05
  - x: -25.6
    n: 511
    y: 0.005478334057371593
  - x: -12.8
    n: 509
    y: 0.07048417325971362
  - x: -6.4
    n: 512
    y: 0.21956844315078436
  - x: -3.2
    n: 516
    y: 0.3514579546719427
  - x: 0.0
    n: 1019
    y: 0.5107257414775976
  - x: 3.2
    n: 512
    y: 0.6678453245416887
  - x: 6.4
    n: 513
    y: 0.7947831595879089
  - x: 12.8
    n: 514
    y: 0.9349352738335974
  - x: 25.6
    n: 515
    y: 0.9949699365824937
  - x: 51.2
    n: 512
    y: 0.9999733221517454
fit_method:
  type: scipy.optimize.minimize
  options:
    method: L-BFGS-B
    bounds: see code
    loss: binomial NLL + Gaussian RT chi-squared
  duration_seconds: 0.007838964462280273
curation_status: data-linked
provenance:
  curators:
  - behavtaskatlas
  created: '2026-04-28'
  updated: '2026-04-28'
  fit_commit: 10e1c18
  fit_dirty: true
  source_notes: 'Fitted with scipy.optimize.minimize via behavtaskatlas.model_fits.ddm-drift-bias;
    success=True; CONVERGENCE: RELATIVE REDUCTION OF F <= FACTR*EPSMCH'
