object_type: model_fit
schema_version: 0.1.0
id: model_fit.ddm-drift-bias.palmer-huk-shadlen-2005.psychometric
variant_id: model_variant.ddm-drift-bias
finding_ids:
- finding.palmer-huk-shadlen-2005.psychometric
- finding.palmer-huk-shadlen-2005.chronometric
parameters:
  drift_per_unit_evidence: 0.2600512530383422
  boundary: 0.916986661701755
  non_decision_time: 0.40676301596715103
  drift_bias: 0.007867492902884207
parameter_uncertainty: {}
quality:
  log_likelihood: -1115.5868033556467
  aic: 2239.1736067112934
  bic: 2263.66783805154
  n_trials: 3373.0
  n_free_params: 4.0
  chronometric_max_residual_s: 0.044423927864668755
  rt_sigma_assumed_s: 0.1454861581808463
predictions:
  curve_type: psychometric
  x_label: Signed motion coherence
  x_units: percent
  y_label: p_right
  points:
  - x: -51.2
    n: 283
    y: 5.0197853207379265e-06
  - x: -25.6
    n: 285
    y: 0.0022435450385646055
  - x: -12.8
    n: 278
    y: 0.045428677114542
  - x: -6.4
    n: 284
    y: 0.1796158638583703
  - x: -3.2
    n: 279
    y: 0.3195438414753004
  - x: -0.0
    n: 560
    y: 0.501803588690586
  - x: 3.2
    n: 285
    y: 0.6835852850974686
  - x: 6.4
    n: 279
    y: 0.8225004535812267
  - x: 12.8
    n: 276
    y: 0.9551929374282209
  - x: 25.6
    n: 282
    y: 0.9977885230644328
  - x: 51.2
    n: 282
    y: 0.9999950521236328
fit_method:
  type: scipy.optimize.minimize
  options:
    method: L-BFGS-B
    bounds: see code
    loss: binomial NLL + Gaussian RT chi-squared
  duration_seconds: 0.007789134979248047
curation_status: data-linked
provenance:
  curators:
  - behavtaskatlas
  created: '2026-04-28'
  updated: '2026-04-28'
  fit_commit: 10e1c18
  fit_dirty: true
  source_notes: 'Fitted with scipy.optimize.minimize via behavtaskatlas.model_fits.ddm-drift-bias;
    success=True; CONVERGENCE: RELATIVE REDUCTION OF F <= FACTR*EPSMCH'
