object_type: model_fit
schema_version: 0.1.0
id: model_fit.logistic-4param.roitman-shadlen-2002.psychometric
variant_id: model_variant.logistic-4param
finding_ids:
- finding.roitman-shadlen-2002.psychometric
parameters:
  bias: -0.2126535839543949
  slope: 4.876014343451119
  lower_lapse: 0.0
  upper_lapse: 0.0
parameter_uncertainty: {}
quality:
  log_likelihood: -2182.3018925814563
  aic: 4372.603785162913
  bic: 4399.499964146727
  n_trials: 6149.0
  n_free_params: 4.0
predictions:
  curve_type: psychometric
  x_label: Signed motion coherence
  x_units: percent
  y_label: p_right
  points:
  - x: -51.2
    n: 516
    y: 2.8752211758641524e-05
  - x: -25.6
    n: 511
    y: 0.005450527401402567
  - x: -12.8
    n: 509
    y: 0.07033971577090155
  - x: -6.4
    n: 512
    y: 0.21943957645573425
  - x: -3.2
    n: 516
    y: 0.3514523058881437
  - x: 0.0
    n: 1019
    y: 0.510901315573053
  - x: 3.2
    n: 512
    y: 0.6681624695500555
  - x: 6.4
    n: 513
    y: 0.795134820511763
  - x: 12.8
    n: 514
    y: 0.9351546671091407
  - x: 25.6
    n: 515
    y: 0.9950024719211313
  - x: 51.2
    n: 512
    y: 0.9999736493550893
fit_method:
  type: scipy.optimize.minimize
  options:
    method: L-BFGS-B
    bounds: see code
  duration_seconds: 0.0021419525146484375
curation_status: data-linked
provenance:
  curators:
  - behavtaskatlas
  created: '2026-04-28'
  updated: '2026-04-28'
  fit_commit: 24fd416
  fit_dirty: true
  source_notes: 'Fitted with scipy.optimize.minimize via behavtaskatlas.model_fits.logistic-4param;
    success=True; CONVERGENCE: RELATIVE REDUCTION OF F <= FACTR*EPSMCH'
