object_type: model_fit
schema_version: 0.1.0
id: model_fit.logistic-4param.palmer-huk-shadlen-2005.psychometric.subject.phs-jd
variant_id: model_variant.logistic-4param
finding_ids:
- finding.palmer-huk-shadlen-2005.psychometric.subject.phs-jd
parameters:
  bias: -1.0027875955202978
  slope: 2.8652117541035054
  lower_lapse: 0.0
  upper_lapse: 0.0
parameter_uncertainty: {}
quality:
  log_likelihood: -154.1261518215906
  aic: 316.2523036431812
  bic: 333.6137408580922
  n_trials: 567.0
  n_free_params: 4.0
predictions:
  curve_type: psychometric
  x_label: Signed motion coherence
  x_units: percent
  y_label: p_right
  points:
  - x: -51.2
    n: 47
    y: 2.4623928366542073e-08
  - x: -25.6
    n: 47
    y: 0.00018689439060945673
  - x: -12.8
    n: 48
    y: 0.01602585374816624
  - x: -6.4
    n: 48
    y: 0.13196394101023934
  - x: -3.2
    n: 47
    y: 0.31715903577430926
  - x: 0.0
    n: 95
    y: 0.5866144881752595
  - x: 3.2
    n: 48
    y: 0.8125755638376055
  - x: 6.4
    n: 48
    y: 0.9298037762925642
  - x: 12.8
    n: 47
    y: 0.9919768674837682
  - x: 25.6
    n: 46
    y: 0.9999071798936513
  - x: 51.2
    n: 46
    y: 0.9999999877718072
fit_method:
  type: scipy.optimize.minimize
  options:
    method: L-BFGS-B
    bounds: see code
  duration_seconds: 0.002933025360107422
curation_status: data-linked
provenance:
  curators:
  - behavtaskatlas
  created: '2026-04-28'
  updated: '2026-04-28'
  fit_commit: 24fd416
  fit_dirty: true
  source_notes: 'Fitted with scipy.optimize.minimize via behavtaskatlas.model_fits.logistic-4param;
    success=True; CONVERGENCE: NORM OF PROJECTED GRADIENT <= PGTOL'
