object_type: model_fit
schema_version: 0.1.0
id: model_fit.logistic-4param.walsh-2024-prior-cue.psychometric.subject.cue-invalid.subject-a
variant_id: model_variant.logistic-4param
finding_ids:
- finding.walsh-2024-prior-cue.psychometric.subject.cue-invalid.subject-a
parameters:
  bias: -21.999999999999996
  slope: 439.99999999999994
  lower_lapse: 0.5
  upper_lapse: 0.09145925531078607
parameter_uncertainty: {}
quality:
  log_likelihood: -614.7257778371677
  aic: 1237.4515556743354
  bic: 1257.1617872994486
  n_trials: 1020.0
  n_free_params: 4.0
predictions:
  curve_type: psychometric
  x_label: Signed target-distractor contrast
  x_units: percentage points
  y_label: p_right
  points:
  - x: -21.999999999999996
    n: 142
    y: 0.704270372344607
  - x: -16.999999999999993
    n: 85
    y: 0.7054309869708318
  - x: -15.999999999999993
    n: 110
    y: 0.7056631033018124
  - x: -14.999999999999991
    n: 110
    y: 0.705895216036034
  - x: -13.99999999999999
    n: 79
    y: 0.706127324574131
  - x: 13.99999999999999
    n: 68
    y: 0.7126222290030293
  - x: 14.999999999999991
    n: 105
    y: 0.7128539555186446
  - x: 15.999999999999993
    n: 105
    y: 0.7130856599050776
  - x: 16.999999999999993
    n: 74
    y: 0.7133173415671747
  - x: 21.999999999999996
    n: 142
    y: 0.7144753881989846
fit_method:
  type: scipy.optimize.minimize
  options:
    method: L-BFGS-B
    bounds: see code
  duration_seconds: 0.003513813018798828
curation_status: data-linked
provenance:
  curators:
  - behavtaskatlas
  created: '2026-04-28'
  updated: '2026-04-28'
  fit_commit: 24fd416
  fit_dirty: true
  source_notes: 'Fitted with scipy.optimize.minimize via behavtaskatlas.model_fits.logistic-4param;
    success=True; CONVERGENCE: NORM OF PROJECTED GRADIENT <= PGTOL'
