object_type: model_fit
schema_version: 0.1.0
id: model_fit.logistic-4param.palmer-huk-shadlen-2005.psychometric.subject.phs-eh
variant_id: model_variant.logistic-4param
finding_ids:
- finding.palmer-huk-shadlen-2005.psychometric.subject.phs-eh
parameters:
  bias: -0.6913126510662804
  slope: 6.954840535283242
  lower_lapse: 0.0
  upper_lapse: 0.0
parameter_uncertainty: {}
quality:
  log_likelihood: -230.05713535367744
  aic: 468.1142707073549
  bic: 485.4260178422717
  n_trials: 560.0
  n_free_params: 4.0
predictions:
  curve_type: psychometric
  x_label: Signed motion coherence
  x_units: percent
  y_label: p_right
  points:
  - x: -51.2
    n: 48
    y: 0.0007009457108752474
  - x: -25.6
    n: 48
    y: 0.027080449344748365
  - x: -12.8
    n: 46
    y: 0.14918030333200188
  - x: -6.4
    n: 46
    y: 0.3055891624092793
  - x: -3.2
    n: 48
    y: 0.41078746850517867
  - x: -0.0
    n: 92
    y: 0.5248296134697414
  - x: 3.2
    n: 48
    y: 0.6363394830085183
  - x: 6.4
    n: 46
    y: 0.7348990817366596
  - x: 12.8
    n: 44
    y: 0.8743351143270949
  - x: 25.6
    n: 47
    y: 0.9776928823051555
  - x: 51.2
    n: 47
    y: 0.9994253527432956
fit_method:
  type: scipy.optimize.minimize
  options:
    method: L-BFGS-B
    bounds: see code
  duration_seconds: 0.002276182174682617
curation_status: data-linked
provenance:
  curators:
  - behavtaskatlas
  created: '2026-04-28'
  updated: '2026-04-28'
  fit_commit: 24fd416
  fit_dirty: true
  source_notes: 'Fitted with scipy.optimize.minimize via behavtaskatlas.model_fits.logistic-4param;
    success=True; CONVERGENCE: NORM OF PROJECTED GRADIENT <= PGTOL'
