object_type: model_fit
schema_version: 0.1.0
id: model_fit.logistic-4param.walsh-2024-prior-cue.psychometric.subject.cue-valid.subject-g
variant_id: model_variant.logistic-4param
finding_ids:
- finding.walsh-2024-prior-cue.psychometric.subject.cue-valid.subject-g
parameters:
  bias: 1.0373563347782826
  slope: 0.8903972044413995
  lower_lapse: 0.40567375912177206
  upper_lapse: 0.030041811475457147
parameter_uncertainty: {}
quality:
  log_likelihood: -1913.8496838102712
  aic: 3835.6993676205425
  bic: 3861.4735542255344
  n_trials: 4645.0
  n_free_params: 4.0
predictions:
  curve_type: psychometric
  x_label: Signed target-distractor contrast
  x_units: percentage points
  y_label: p_right
  points:
  - x: -10.000000000000009
    n: 320
    y: 0.40567609250186376
  - x: -7.000000000000006
    n: 664
    y: 0.40574155386782773
  - x: -6.000000000000005
    n: 401
    y: 0.4058821321304168
  - x: -4.0000000000000036
    n: 390
    y: 0.40763709886870353
  - x: -3.0000000000000027
    n: 402
    y: 0.41166650538869903
  - x: 3.0000000000000027
    n: 484
    y: 0.9138847194080912
  - x: 4.0000000000000036
    n: 442
    y: 0.9504082833791831
  - x: 6.000000000000005
    n: 471
    y: 0.9678236470766193
  - x: 7.000000000000006
    n: 746
    y: 0.9692621058513033
  - x: 10.000000000000009
    n: 325
    y: 0.9699342047522863
fit_method:
  type: scipy.optimize.minimize
  options:
    method: L-BFGS-B
    bounds: see code
  duration_seconds: 0.003233194351196289
curation_status: data-linked
provenance:
  curators:
  - behavtaskatlas
  created: '2026-04-28'
  updated: '2026-04-28'
  fit_commit: 24fd416
  fit_dirty: true
  source_notes: 'Fitted with scipy.optimize.minimize via behavtaskatlas.model_fits.logistic-4param;
    success=True; CONVERGENCE: RELATIVE REDUCTION OF F <= FACTR*EPSMCH'
