object_type: model_fit
schema_version: 0.1.0
id: model_fit.sdt-2afc.palmer-huk-shadlen-2005.psychometric.subject.phs-jd
variant_id: model_variant.sdt-2afc
finding_ids:
- finding.palmer-huk-shadlen-2005.psychometric.subject.phs-jd
parameters:
  d_prime: 0.2023700030388208
  criterion: -0.2199437344945458
parameter_uncertainty: {}
quality:
  log_likelihood: -153.20336360453814
  aic: 310.4067272090763
  bic: 319.0874458165318
  n_trials: 567.0
  n_free_params: 2.0
predictions:
  curve_type: psychometric
  x_label: Signed motion coherence
  x_units: percent
  y_label: p_right
  points:
  - x: -51.2
    n: 47
    y: 1.809370506935775e-24
  - x: -25.6
    n: 47
    y: 3.5114675368778333e-07
  - x: -12.8
    n: 48
    y: 0.00888460990868294
  - x: -6.4
    n: 48
    y: 0.14113716262195558
  - x: -3.2
    n: 47
    y: 0.33445651937011855
  - x: 0.0
    n: 95
    y: 0.5870425125133036
  - x: 3.2
    n: 48
    y: 0.8071735414542944
  - x: 6.4
    n: 48
    y: 0.9351279472230951
  - x: 12.8
    n: 47
    y: 0.9975250774331959
  - x: 25.6
    n: 46
    y: 0.9999999667937401
  - x: 51.2
    n: 46
    y: 1.0
fit_method:
  type: scipy.optimize.minimize
  options:
    method: L-BFGS-B
    bounds: see code
  duration_seconds: 0.0023169517517089844
curation_status: data-linked
provenance:
  curators:
  - behavtaskatlas
  created: '2026-04-28'
  updated: '2026-04-28'
  fit_commit: 24fd416
  fit_dirty: true
  source_notes: 'Fitted with scipy.optimize.minimize via behavtaskatlas.model_fits.sdt-2afc;
    success=True; CONVERGENCE: RELATIVE REDUCTION OF F <= FACTR*EPSMCH'
