object_type: model_fit
schema_version: 0.1.0
id: model_fit.sdt-2afc.roitman-shadlen-2002.psychometric
variant_id: model_variant.sdt-2afc
finding_ids:
- finding.roitman-shadlen-2002.psychometric
parameters:
  d_prime: 0.1164016636348955
  criterion: -0.024190905083056574
parameter_uncertainty: {}
quality:
  log_likelihood: -2184.0892712626783
  aic: 4372.1785425253565
  bic: 4385.626632017264
  n_trials: 6149.0
  n_free_params: 2.0
predictions:
  curve_type: psychometric
  x_label: Signed motion coherence
  x_units: percent
  y_label: p_right
  points:
  - x: -51.2
    n: 516
    y: 1.4640936222663554e-09
  - x: -25.6
    n: 511
    y: 0.0015598438778621983
  - x: -12.8
    n: 509
    y: 0.07135815049645101
  - x: -6.4
    n: 512
    y: 0.23552252056016582
  - x: -3.2
    n: 516
    y: 0.3638095425534891
  - x: 0.0
    n: 1019
    y: 0.509649833649368
  - x: 3.2
    n: 512
    y: 0.6541968840984447
  - x: 6.4
    n: 513
    y: 0.7791012942186033
  - x: 12.8
    n: 514
    y: 0.9350038432932419
  - x: 25.6
    n: 515
    y: 0.9986680451665433
  - x: 51.2
    n: 512
    y: 0.9999999989110897
fit_method:
  type: scipy.optimize.minimize
  options:
    method: L-BFGS-B
    bounds: see code
  duration_seconds: 0.001844167709350586
curation_status: data-linked
provenance:
  curators:
  - behavtaskatlas
  created: '2026-04-28'
  updated: '2026-04-28'
  fit_commit: 24fd416
  fit_dirty: true
  source_notes: 'Fitted with scipy.optimize.minimize via behavtaskatlas.model_fits.sdt-2afc;
    success=True; CONVERGENCE: RELATIVE REDUCTION OF F <= FACTR*EPSMCH'
