object_type: model_fit
schema_version: 0.1.0
id: model_fit.sdt-2afc.palmer-huk-shadlen-2005.psychometric.subject.phs-eh
variant_id: model_variant.sdt-2afc
finding_ids:
- finding.palmer-huk-shadlen-2005.psychometric.subject.phs-eh
parameters:
  d_prime: 0.08410829427666071
  criterion: -0.06261097217975731
parameter_uncertainty: {}
quality:
  log_likelihood: -229.10185677710356
  aic: 462.2037135542071
  bic: 470.8595871216655
  n_trials: 560.0
  n_free_params: 2.0
predictions:
  curve_type: psychometric
  x_label: Signed motion coherence
  x_units: percent
  y_label: p_right
  points:
  - x: -51.2
    n: 48
    y: 1.0991560616734774e-05
  - x: -25.6
    n: 48
    y: 0.01828370122284886
  - x: -12.8
    n: 46
    y: 0.1552972943859136
  - x: -6.4
    n: 46
    y: 0.31715043362991097
  - x: -3.2
    n: 48
    y: 0.4181862915899258
  - x: -0.0
    n: 92
    y: 0.5249618539870053
  - x: 3.2
    n: 48
    y: 0.6299638160131322
  - x: 6.4
    n: 46
    y: 0.7260480540704635
  - x: 12.8
    n: 44
    y: 0.8726895306795555
  - x: 25.6
    n: 47
    y: 0.986646826833425
  - x: 51.2
    n: 47
    y: 0.9999937578939865
fit_method:
  type: scipy.optimize.minimize
  options:
    method: L-BFGS-B
    bounds: see code
  duration_seconds: 0.0018990039825439453
curation_status: data-linked
provenance:
  curators:
  - behavtaskatlas
  created: '2026-04-28'
  updated: '2026-04-28'
  fit_commit: 24fd416
  fit_dirty: true
  source_notes: 'Fitted with scipy.optimize.minimize via behavtaskatlas.model_fits.sdt-2afc;
    success=True; CONVERGENCE: RELATIVE REDUCTION OF F <= FACTR*EPSMCH'
