object_type: model_fit
schema_version: 0.1.0
id: model_fit.sdt-2afc.walsh-2024-prior-cue.psychometric.subject.cue-invalid.subject-f
variant_id: model_variant.sdt-2afc
finding_ids:
- finding.walsh-2024-prior-cue.psychometric.subject.cue-invalid.subject-f
parameters:
  d_prime: 0.017283778111409256
  criterion: -0.2417963011786842
parameter_uncertainty: {}
quality:
  log_likelihood: -622.7307274932955
  aic: 1249.461454986591
  bic: 1259.1848776675524
  n_trials: 955.0
  n_free_params: 2.0
predictions:
  curve_type: psychometric
  x_label: Signed target-distractor contrast
  x_units: percentage points
  y_label: p_right
  points:
  - x: -26.0
    n: 63
    y: 0.41777770751091314
  - x: -25.0
    n: 65
    y: 0.4245377509958982
  - x: -19.999999999999996
    n: 63
    y: 0.45863258266981033
  - x: -10.000000000000009
    n: 94
    y: 0.5274886814718112
  - x: -7.000000000000006
    n: 96
    y: 0.5480791777013457
  - x: -6.000000000000005
    n: 94
    y: 0.5549167909579011
  - x: 6.000000000000005
    n: 95
    y: 0.6351403577034279
  - x: 7.000000000000006
    n: 95
    y: 0.6416164098435433
  - x: 10.000000000000009
    n: 98
    y: 0.6607951028930252
  - x: 19.999999999999996
    n: 65
    y: 0.7215565790403468
  - x: 25.0
    n: 63
    y: 0.7498096145848101
  - x: 26.0
    n: 64
    y: 0.7552720666984759
fit_method:
  type: scipy.optimize.minimize
  options:
    method: L-BFGS-B
    bounds: see code
  duration_seconds: 0.0016388893127441406
curation_status: data-linked
provenance:
  curators:
  - behavtaskatlas
  created: '2026-04-28'
  updated: '2026-04-28'
  fit_commit: 24fd416
  fit_dirty: true
  source_notes: 'Fitted with scipy.optimize.minimize via behavtaskatlas.model_fits.sdt-2afc;
    success=True; CONVERGENCE: RELATIVE REDUCTION OF F <= FACTR*EPSMCH'
